12345
295 2 1 14
4
Captain
100 100 100 100 100
300 1 1
Rookie A
100 100 100 100 100
200 1 1
Rookie B
100 100 100 100 100
200 1 0
Ghost 92
123 101 108 83 95
255 0 0
8
6
Metro United
90
2 5
3 1 0 0 5 1
3
Metro 1
75 94 81 85 100
0 1 2
Metro 2
103 76 89 88 88
0 1 0
Metro 3
90 91 92 104 92
0 1 3
4
Concrete Crew
108
1 3
3 1 0 0 5 3
3
Concrete 1
109 104 107 114 113
0 1 1
Concrete 2
114 107 111 116 111
0 1 2
Concrete 3
95 98 99 100 122
0 1 2
2
Southside Kings
111
0 1
1 0 1 0 2 2
3
Southside 1
122 114 117 113 96
0 1 0
Southside 2
99 123 113 124 124
0 1 1
Southside 3
112 100 97 105 111
0 1 1
5
Alley Cats
89
2 4
1 0 1 0 2 2
3
Alley 1
78 78 98 76 91
0 1 1
Alley 2
99 76 95 78 87
0 1 0
Alley 3
80 83 84 93 80
0 1 1
7
Riot Squad
89
1 6
0 0 0 0 0 0
3
Riot 1
80 88 98 86 103
0 1 2
Riot 2
83 76 93 91 90
0 1 1
Riot 3
94 82 92 102 88
0 1 0
0
12345
100
0 0
0 0 0 1 2 3
0
3
Neon Nomads
86
1 2
0 0 0 1 3 5
3
Neon 1
91 80 72 96 79
0 1 1
Neon 2
73 83 78 82 79
0 1 0
Neon 3
99 97 78 83 76
0 1 2
1
Downtown Vipers
83
1 0
0 0 0 1 1 5
3
Downtown 1
86 93 85 89 78
0 1 1
Downtown 2
87 70 69 79 79
0 1 0
Downtown 3
85 78 94 89 84
0 1 0
56
1 0 7 2 3 1
1 1 6 1 5 1
1 2 5 2 2 1
1 3 4 3 5 1
2 0 1 -1 -1 0
2 2 7 -1 -1 0
2 3 6 -1 -1 0
2 4 5 -1 -1 0
3 2 0 -1 -1 0
3 1 3 -1 -1 0
3 7 4 -1 -1 0
3 6 5 -1 -1 0
4 1 0 -1 -1 0
4 7 2 -1 -1 0
4 6 3 -1 -1 0
4 5 4 -1 -1 0
5 7 0 -1 -1 0
5 6 1 -1 -1 0
5 5 2 -1 -1 0
5 4 3 -1 -1 0
6 4 0 -1 -1 0
6 3 5 -1 -1 0
6 2 6 -1 -1 0
6 1 7 -1 -1 0
7 0 5 -1 -1 0
7 6 4 -1 -1 0
7 7 3 -1 -1 0
7 1 2 -1 -1 0
8 6 0 -1 -1 0
8 5 7 -1 -1 0
8 4 1 -1 -1 0
8 3 2 -1 -1 0
9 3 0 -1 -1 0
9 2 4 -1 -1 0
9 1 5 -1 -1 0
9 7 6 -1 -1 0
10 0 3 -1 -1 0
10 4 2 -1 -1 0
10 5 1 -1 -1 0
10 6 7 -1 -1 0
11 0 6 -1 -1 0
11 7 5 -1 -1 0
11 1 4 -1 -1 0
11 2 3 -1 -1 0
12 5 0 -1 -1 0
12 4 6 -1 -1 0
12 3 7 -1 -1 0
12 2 1 -1 -1 0
13 0 2 -1 -1 0
13 3 1 -1 -1 0
13 4 7 -1 -1 0
13 5 6 -1 -1 0
14 0 4 -1 -1 0
14 5 3 -1 -1 0
14 6 2 -1 -1 0
14 7 1 -1 -1 0
