THE ROOKIES
256 3 1 14
5
Captain
120 100 100 70 100
300 0 0
Rookie A
120 100 100 70 100
200 1 2
Rookie B
120 100 100 70 100
200 1 1
Slick 30
111 109 106 83 104
256 1 2
Ghost 82
96 106 91 85 99
238 0 0
8
0
THE ROOKIES
100
0 0
6 2 0 1 10 7
0
1
Downtown Vipers
111
0 0
3 1 0 0 5 1
3
Downtown 1
115 115 104 109 124
0 1 0
Downtown 2
119 106 112 101 124
0 1 4
Downtown 3
108 118 124 114 110
0 1 1
2
Southside Kings
98
2 1
3 1 0 0 4 1
3
Southside 1
107 101 95 94 83
0 1 3
Southside 2
97 98 107 91 85
0 1 1
Southside 3
104 88 97 99 84
0 1 2
7
Riot Squad
91
1 6
3 1 0 0 5 2
3
Riot 1
86 98 76 77 104
0 1 2
Riot 2
86 94 100 94 91
0 1 2
Riot 3
89 94 81 79 82
0 1 3
4
Concrete Crew
82
2 3
3 1 0 1 9 8
3
Concrete 1
79 91 88 86 84
0 1 4
Concrete 2
95 85 90 91 94
0 1 1
Concrete 3
70 81 75 73 72
0 1 4
5
Alley Cats
97
0 4
3 1 0 1 5 6
3
Alley 1
82 87 97 87 99
0 1 3
Alley 2
110 91 98 93 105
0 1 1
Alley 3
108 96 108 111 86
0 1 1
3
Neon Nomads
102
0 2
0 0 0 2 5 10
3
Neon 1
105 87 91 113 113
0 1 1
Neon 2
112 103 96 91 103
0 1 1
Neon 3
116 112 112 88 108
0 1 3
6
Metro United
104
0 5
0 0 0 2 3 10
3
Metro 1
114 114 89 90 95
0 1 1
Metro 2
108 112 106 104 108
0 1 2
Metro 3
98 109 109 103 100
0 1 0
56
1 7 0 5 2 1
1 6 1 1 5 1
1 5 2 1 4 1
1 4 3 6 3 1
2 0 2 0 2 1
2 3 1 3 5 1
2 4 7 5 2 1
2 5 6 2 4 1
3 0 6 -1 -1 0
3 7 5 -1 -1 0
3 1 4 -1 -1 0
3 2 3 -1 -1 0
4 0 4 -1 -1 0
4 5 3 -1 -1 0
4 6 2 -1 -1 0
4 7 1 -1 -1 0
5 1 0 -1 -1 0
5 7 2 -1 -1 0
5 6 3 -1 -1 0
5 5 4 -1 -1 0
6 2 0 -1 -1 0
6 1 3 -1 -1 0
6 7 4 -1 -1 0
6 6 5 -1 -1 0
7 6 0 -1 -1 0
7 5 7 -1 -1 0
7 4 1 -1 -1 0
7 3 2 -1 -1 0
8 0 1 -1 -1 0
8 2 7 -1 -1 0
8 3 6 -1 -1 0
8 4 5 -1 -1 0
9 3 0 -1 -1 0
9 2 4 -1 -1 0
9 1 5 -1 -1 0
9 7 6 -1 -1 0
10 0 3 -1 -1 0
10 4 2 -1 -1 0
10 5 1 -1 -1 0
10 6 7 -1 -1 0
11 0 7 -1 -1 0
11 1 6 -1 -1 0
11 2 5 -1 -1 0
11 3 4 -1 -1 0
12 5 0 -1 -1 0
12 4 6 -1 -1 0
12 3 7 -1 -1 0
12 2 1 -1 -1 0
13 0 5 -1 -1 0
13 6 4 -1 -1 0
13 7 3 -1 -1 0
13 1 2 -1 -1 0
14 4 0 -1 -1 0
14 3 5 -1 -1 0
14 2 6 -1 -1 0
14 1 7 -1 -1 0
