THE ROOKIES123
167 2 2 11
5
Captain
130 100 100 70 100
300 1 0
Rookie A
130 100 100 70 100
200 1 2
Rookie B
130 100 100 70 100
200 1 3
Brick 65
88 101 109 83 118
249 0 0
Ghost 5
105 115 114 113 122
284 0 0
8
0
THE ROOKIES123
100
0 0
3 1 0 0 5 1
0
4
Concrete Crew
99
1 3
3 1 0 0 4 1
3
Concrete 1
106 90 102 97 107
0 1 1
Concrete 2
84 87 84 97 101
0 1 2
Concrete 3
99 107 99 103 98
0 1 1
2
Southside Kings
115
2 1
3 1 0 0 3 2
3
Southside 1
122 121 110 118 108
0 1 1
Southside 2
116 106 116 118 111
0 1 1
Southside 3
120 129 121 102 102
0 1 1
3
Neon Nomads
126
0 2
1 0 1 0 3 3
3
Neon 1
140 125 135 132 134
0 1 1
Neon 2
116 115 115 127 127
0 1 1
Neon 3
132 113 139 112 123
0 1 1
6
Metro United
117
0 5
1 0 1 0 3 3
3
Metro 1
120 130 107 111 111
0 1 0
Metro 2
111 109 107 112 120
0 1 2
Metro 3
103 104 120 108 131
0 1 1
1
Downtown Vipers
94
0 0
0 0 0 0 0 0
3
Downtown 1
97 85 104 108 105
0 1 1
Downtown 2
108 81 99 93 79
0 1 0
Downtown 3
85 103 89 96 106
0 1 0
7
Riot Squad
104
0 6
0 0 0 1 2 3
3
Riot 1
106 102 105 111 102
0 1 0
Riot 2
106 90 97 115 93
0 1 1
Riot 3
104 94 109 100 106
0 1 1
5
Alley Cats
96
0 4
0 0 0 1 1 4
3
Alley 1
82 90 99 84 104
0 1 0
Alley 2
98 102 95 82 81
0 1 0
Alley 3
106 83 89 100 92
0 1 1
56
1 1 0 5 1 1
1 7 2 2 3 1
1 6 3 3 3 1
1 5 4 1 4 1
2 0 2 -1 -1 0
2 3 1 -1 -1 0
2 4 7 -1 -1 0
2 5 6 -1 -1 0
3 0 7 -1 -1 0
3 1 6 -1 -1 0
3 2 5 -1 -1 0
3 3 4 -1 -1 0
4 6 0 -1 -1 0
4 5 7 -1 -1 0
4 4 1 -1 -1 0
4 3 2 -1 -1 0
5 0 3 -1 -1 0
5 4 2 -1 -1 0
5 5 1 -1 -1 0
5 6 7 -1 -1 0
6 3 0 -1 -1 0
6 2 4 -1 -1 0
6 1 5 -1 -1 0
6 7 6 -1 -1 0
7 0 4 -1 -1 0
7 5 3 -1 -1 0
7 6 2 -1 -1 0
7 7 1 -1 -1 0
8 0 1 -1 -1 0
8 2 7 -1 -1 0
8 3 6 -1 -1 0
8 4 5 -1 -1 0
9 7 0 -1 -1 0
9 6 1 -1 -1 0
9 5 2 -1 -1 0
9 4 3 -1 -1 0
10 5 0 -1 -1 0
10 4 6 -1 -1 0
10 3 7 -1 -1 0
10 2 1 -1 -1 0
11 2 0 -1 -1 0
11 1 3 -1 -1 0
11 7 4 -1 -1 0
11 6 5 -1 -1 0
12 4 0 -1 -1 0
12 3 5 -1 -1 0
12 2 6 -1 -1 0
12 1 7 -1 -1 0
13 0 6 -1 -1 0
13 7 5 -1 -1 0
13 1 4 -1 -1 0
13 2 3 -1 -1 0
14 0 5 -1 -1 0
14 6 4 -1 -1 0
14 7 3 -1 -1 0
14 1 2 -1 -1 0
